# Hedera Configuration (generated by setup-hedera.mjs)
HEDERA_NETWORK=testnet
HEDERA_OPERATOR_ID=0.0.6923194
HEDERA_OPERATOR_KEY=0x63d9cde49957fa3605ccfd07a395a8827e2cbd1580e6fd7d9310ecd707790c30
HEDERA_TOPIC_ID=0.0.8063477
HEDERA_NFT_COLLECTION_TOKEN_ID=0.0.8063478